Gender,Age,Annual Income,Spending Score
0.0,19,15.0,39.0
0.0,21,15.0,81.0
1.0,20,16.0,6.0
1.0,23,16.0,77.0
1.0,31,17.0,40.0
1.0,22,17.0,76.0
1.0,35,18.0,6.0
1.0,23,18.0,94.0
0.0,64,19.0,3.0
1.0,30,19.0,72.0
0.0,67,19.0,14.0
1.0,35,19.0,99.0
1.0,58,20.0,15.0
1.0,24,20.0,77.0
0.0,37,20.0,13.0
0.0,22,20.0,79.0
1.0,35,21.0,35.0
0.0,20,21.0,66.0
0.0,52,23.0,29.0
1.0,35,23.0,98.0
0.0,35,24.0,35.0
0.0,25,24.0,73.0
1.0,46,25.0,5.0
0.0,31,25.0,73.0
1.0,54,28.0,14.0
0.0,29,28.0,82.0
1.0,45,28.0,32.0
0.0,35,28.0,61.0
1.0,40,29.0,31.0
1.0,23,29.0,87.0
0.0,60,30.0,4.0
1.0,21,30.0,73.0
0.0,53,33.0,4.0
0.0,18,33.0,92.0
1.0,49,33.0,14.0
1.0,21,33.0,81.0
1.0,42,34.0,17.0
1.0,30,34.0,73.0
1.0,36,37.0,26.0
1.0,20,37.0,75.0
1.0,65,38.0,35.0
0.0,24,38.0,92.0
0.0,48,39.0,36.0
1.0,31,39.0,61.0
1.0,49,39.0,28.0
1.0,24,39.0,65.0
1.0,50,40.0,55.0
1.0,27,40.0,47.0
1.0,29,40.0,42.0
1.0,31,40.0,42.0
1.0,49,42.0,52.0
0.0,33,42.0,60.0
1.0,31,43.0,54.0
0.0,59,43.0,60.0
1.0,50,43.0,45.0
0.0,47,43.0,41.0
1.0,51,44.0,50.0
0.0,69,44.0,46.0
1.0,27,46.0,51.0
0.0,53,46.0,46.0
0.0,70,46.0,56.0
0.0,19,46.0,55.0
1.0,67,47.0,52.0
1.0,54,47.0,59.0
0.0,63,48.0,51.0
0.0,18,48.0,59.0
1.0,43,48.0,50.0
1.0,68,48.0,48.0
0.0,19,48.0,59.0
1.0,32,48.0,47.0
0.0,70,49.0,55.0
1.0,47,49.0,42.0
1.0,60,50.0,49.0
,60,50.0,56.0
0.0,59,54.0,47.0
0.0,26,54.0,54.0
1.0,45,54.0,53.0
0.0,40,54.0,48.0
1.0,23,54.0,52.0
1.0,49,54.0,42.0
0.0,57,54.0,51.0
0.0,38,54.0,55.0
0.0,67,54.0,41.0
1.0,46,54.0,44.0
1.0,21,54.0,57.0
0.0,48,54.0,46.0
1.0,55,57.0,58.0
1.0,22,57.0,55.0
1.0,34,58.0,60.0
1.0,50,58.0,46.0
1.0,68,59.0,55.0
0.0,18,59.0,41.0
0.0,48,60.0,49.0
1.0,40,60.0,40.0
1.0,32,60.0,42.0
0.0,24,60.0,52.0
1.0,47,60.0,47.0
1.0,27,60.0,50.0
0.0,48,61.0,42.0
0.0,20,61.0,49.0
1.0,23,62.0,41.0
1.0,49,62.0,48.0
0.0,67,62.0,59.0
0.0,26,62.0,55.0
0.0,49,62.0,56.0
1.0,21,62.0,42.0
1.0,66,63.0,50.0
0.0,54,63.0,46.0
0.0,68,63.0,43.0
0.0,66,63.0,48.0
0.0,65,63.0,52.0
,19,63.0,54.0
1.0,38,64.0,42.0
0.0,19,64.0,46.0
1.0,18,65.0,48.0
1.0,19,65.0,50.0
1.0,63,65.0,43.0
1.0,49,65.0,59.0
1.0,51,67.0,43.0
1.0,50,67.0,57.0
0.0,27,67.0,56.0
1.0,38,67.0,40.0
1.0,40,69.0,58.0
0.0,39,69.0,91.0
1.0,23,70.0,29.0
1.0,31,70.0,77.0
0.0,43,71.0,35.0
0.0,40,71.0,95.0
0.0,59,71.0,11.0
0.0,38,71.0,75.0
0.0,47,71.0,9.0
0.0,39,71.0,75.0
1.0,25,72.0,34.0
1.0,31,72.0,71.0
0.0,20,73.0,5.0
1.0,29,73.0,88.0
1.0,44,73.0,7.0
0.0,32,73.0,73.0
0.0,19,74.0,10.0
1.0,35,74.0,72.0
1.0,57,75.0,5.0
0.0,32,75.0,93.0
1.0,28,76.0,40.0
1.0,32,76.0,87.0
0.0,25,77.0,12.0
0.0,28,77.0,97.0
0.0,48,77.0,36.0
1.0,32,77.0,74.0
1.0,34,78.0,22.0
0.0,34,78.0,
,43,78.0,17.0
0.0,39,78.0,88.0
1.0,44,78.0,20.0
1.0,38,78.0,76.0
1.0,47,78.0,16.0
1.0,27,78.0,89.0
0.0,37,78.0,1.0
1.0,30,78.0,78.0
0.0,34,78.0,1.0
1.0,30,78.0,73.0
1.0,56,79.0,35.0
1.0,29,79.0,83.0
0.0,19,81.0,5.0
1.0,31,81.0,93.0
0.0,50,85.0,26.0
1.0,36,85.0,75.0
0.0,42,86.0,20.0
1.0,33,86.0,95.0
1.0,36,87.0,27.0
0.0,32,87.0,63.0
0.0,40,87.0,13.0
0.0,28,87.0,75.0
0.0,36,87.0,10.0
0.0,36,87.0,92.0
1.0,52,88.0,13.0
1.0,30,88.0,86.0
0.0,58,88.0,15.0
0.0,27,88.0,69.0
0.0,59,93.0,14.0
0.0,35,93.0,90.0
1.0,37,97.0,32.0
1.0,32,97.0,86.0
0.0,46,98.0,15.0
1.0,29,98.0,88.0
,41,99.0,39.0
0.0,30,99.0,97.0
1.0,54,101.0,24.0
0.0,28,,68.0
1.0,41,103.0,17.0
1.0,36,103.0,85.0
1.0,34,103.0,23.0
1.0,32,103.0,69.0
0.0,33,113.0,
1.0,38,113.0,91.0
1.0,47,120.0,16.0
1.0,35,120.0,79.0
1.0,45,126.0,
0.0,32,126.0,74.0
0.0,32,137.0,18.0
0.0,30,137.0,83.0
